4 8 9 14 16 21 24 27 34 37 40 46 47 50 53 61 64 73 77 78 83 84 85 86 90 93 97 100 101 104 107 110 113 116 119 120 121 124 127 132 133 144 148 150 152 155 156 161 164 167 168 169 179 183 185 187 189 191 193 195 200 203 208 209 215 216 221 222 232 236 238 240 242 244 247 248 251 252 258 259 263 266 267 268 274 275 284 286 290 292 294 296 298 300 306 309 316 318 319 324 325 328 329 338 340 344 346 348 349 350 355 358 364 365 372 373 378 379 390 394 396 400 402 404 408 411 414 418 419 420 430 434 436 437 439 448 450 454 456 458 460 462 466 469 475 476 478 485 486 487 488 493 494 497 499 500 502 513 515 517 519 521 523 526 529 532 536 538 541 544 546 549 552 557 559 562 563 567 569 571 573 576 579 581 582 584 587 590 592 593 595 598 601 603 604 606 609 612 614
617 620 621
538 541
144 148 150 152 155 156 161 164 167 168 169
567 569 571 573 576
448 450 454 456 458 460 462 466 469 475 476 478 485 486 487 488 493 494 497 499 500 502 513 515 517 519 521 523 526 529 532 536 544 546 549 552 557 559 562 563
466 469 475 476 478 485 486 487 488 493 494 497 499 500 502 626 632 634 636 638 640 642 644 646 648 650 654 656
448 450 454 456 458 460 462 513 515 517 519 521 523 526 529 532 536 544 546 549 552 557 559 562 563 661 664 670 671 673 680 681 682 683 688 689 692 694 695 697
562 563 702
562 563
430 434 436 437 439 448 450 454 456 458 460 462 661 664 670 671 673 680 681 682 683 688 689 692 694 695 697 704
590 592 593 595 598
612 705
710 711
713 714 715 716 719 720 724 727 732 734 735 736 737
513 515 517 519 521 523 526 529 532 536 544 546 549 552 557 559 562 563
604 739
53 113 127 744 746 748 751 753 755 758 760 762
707 710 711 772 775 780 784 788 789 791 792 794 796 798 801 804 807 811 813 814 821 829 832 834 836 841 842 845 848 849 852 853 859 860 861
864 865 867 870 872 873 877 879 880 882 887 890 892 894 896 897 898 899 901 903 904 906 908 909 910 911 912 914 916 919 922 923 926 929 931 934 937 940 943 944 946 949 952 955 958 963 966 968 973 976 978 981 987 992
998 1000 1003 1005 1009
845 852 853 859 860 861 1024 1031 1033 1035 1037 1039 1043 1044 1046 1048 1050 1052 1060 1064 1066 1068 1070 1072 1074 1076 1078 1086 1090
1093 1094 1102 1103 1105 1108 1109 1119 1123
719 1127
584 587 606 609 1131 1133 1135 1137 1139 1142
1145 1147 1148
1152 1156 1159 1160 1163 1167 1173 1175 1177 1179 1181 1182 1185 1187 1189 1192 1194 1197 1199 1202 1204 1205 1210 1211 1218 1220 1223 1225 1229 1231 1235 1236 1238 1240 1245 1246 1250 1251 1255 1257 1259 1261 1266 1270 1274 1277 1279 1280 1284 1286 1287 1289 1291 1292 1294 1295 1296 1299 1300 1303 1304 1307 1308 1311 1314 1319 1321 1323 1324 1329 1336 1340 1343 1347 1349 1351 1352 1356 1359 1360 1366 1369 1371 1372 1373 1376 1379 1380 1382 1387 1389 1393 1394 1399 1401 1402 1406 1409 1413 1415 1417 1421 1422 1424 1425 1430 1431 1432 1433 1438 1440 1441 1444 1447
1156 1159 1202 1251 1255 1257 1259 1261 1277 1295 1296 1300 1329 1336 1340 1343 1347 1352 1356 1366 1369 1371 1372 1373 1376 1379 1380 1450 1451 1452 1453 1454 1455 1460 1462 1463
1189 1464 1466 1469
1145 1147 1148
1472 1474 1475 1476 1477
4 8 9 14 16 21 24 27 40 46 47 50 61 64 73 77 78 90 116 179 183 185 187 189 191 193 195 200 203 209 215 216 221 222 232 236 238 242 244 247 248 251 252 258 259 263 266 267 268 274 275 338 340 344 346 348 349 350 355 358 364 365 372 373 378 379 390 394 396 400 402 404 408 411 414 418 419 420 466 469 475 476 478 485 486 487 488 493 494 497 499 500 502 617 620 621 626 632 634 636 638 640 642 644 646 648 650 654 656 702 704 716 720 724 727 732 734 735 736 744 746 748 1127 1486 1488 1492 1493 1499 1501 1504 1506 1512 1518 1523 1524 1525 1527 1529 1531 1534 1537 1538 1541 1546 1549 1550 1551 1552 1554 1556 1558 1560 1562 1564 1566 1572 1573 1574 1577 1578 1582 1583 1587 1589 1593 1594 1595 1596 1598 1599 1601 1602 1603 1606 1607 1609 1610 1612 1613 1618 1621 1626 1629 1630 1632 1633 1634 1641 1642 1644 1653 1656 1657 1658 1660 1664 1666 1668 1674 1676 1677 1679 1681 1684 1686 1689 1690 1693 1695 1696 1697 1699 1702 1703 1706 1709 1710 1713 1715 1717 1718 1721 1726 1729 1731 1732 1733 1735 1736 1739 1741 1748 1752 1753 1758 1760 1761 1762 1763 1765 1767 1770 1772 1779 1780 1781 1782 1783 1787 1789 1791 1792 1794 1795 1802 1805 1806 1807 1808 1810 1812 1814 1820 1821 1822 1824 1826 1831 1834 1841 1846 1847 1848 1852 1854 1855
1499 1501 1504 1506 1512 1518 1587 1862 1869 1870 1873 1876 1878 1880 1881 1883 1885 1892 1895 1896 1899 1900 1908 1913 1917 1921 1923 1926 1929 1932 1933 1935 1938 1942 1943 1945 1947 1948 1952 1954 1957 1959
1541 1977
1892 1980
1984 1987 1992 1994 1996 1999 2000 2001 2002 2003 2006 2010 2012 2013 2014 2015 2016 2017 2020 2021 2022 2024 2025 2026 2027 2028 2029 2033 2035 2036 2037 2038 2039 2040 2041 2044 2045 2046 2053 2061 2062 2063 2064
2069 2071 2073
2078 2079 2083 2085 2086 2087
772 775 780 784 788 789 791 792 794 796 798 801 804 807 811 813 814 821 829 832 834 836 841 842 848 849 1024 1031 1033 1035 1037 1039 1043 1044 1046 1048 1050 1052 1060 1064 1066 1068 1070 1072 1074 1076 1078 1093 1094 1102 1103 1105 1108 1109 1119 1123
772 775 780 784 788 789 791 792 794 796 798 801 804 807 811 813 814 821 829 832 834 836 841 842 848 849 1024 1031 1033 1035 1037 1039 1043 1044 1046 1048 1050 1052 1060 1064 1066 1068 1070 1072 1074 1076 1078 1093 1094 1102 1103 1105 1108 1109 1119 1123
2037 2038 2039 2040 2041 2090 2092 2094 2095 2097 2102 2103 2105 2110 2116 2118 2120 2122
2069 2071 2073
1957 1959 2127 2129
2134 2137
2134 2137 2139 2140 2141 2142
2069 2071 2073
2144 2147 2152 2153 2159 2166 2168 2174 2176 2180 2185 2187 2189 2191 2197 2199 2203 2205 2207 2211 2213 2217 2219 2221 2223 2224 2225 2229
2232 2233 2234 2235 2241 2242 2246 2249 2252 2254 2258 2261 2262 2270 2275 2277 2279 2280 2282 2283 2285 2291 2294 2299 2301 2306 2307 2318 2322 2324 2326 2328 2330 2332 2334 2336 2349 2354 2355 2356 2359 2361 2369 2376 2381 2383 2385 2386 2388 2391 2392 2395 2396 2397 2403 2404 2405 2416 2420 2424 2426 2428 2430 2432 2434 2436 2438
772 775 780 784 788 789 791 792 794 796 798 801 804 807 811 813 814 821 829 832 834 836 841 842 848 849 1024 1031 1033 1035 1037 1039 1043 1044 1046 1048 1050 1052 1060 1064 1066 1068 1070 1072 1074 1076 1078 1093 1094 1102 1103 1105 1108 1109 1119 1123 2144 2147 2152 2153 2159 2166 2168 2174 2176 2180 2185 2187 2189 2191 2197 2199 2203 2205 2207 2211 2213 2217 2219 2221 2223 2224 2225 2229
132 133 284 286 290 292 294 296 298 300 306 309 316 318 319 324 325 328 329 700
1758 1760 1761 1762 1763 1765 1767 1770 1772 1779 1780 1781 1782 1783 1787 1789 1791 1792 1794 1795 1802 1805 1806 1807 1808 1810 1812 1814 2006 2010 2012 2013 2014 2015 2016 2017
1758 1760 1761 1762 1763 1765 1767 1770 1772 1779 1780 1781 1782 1783 1787 1789 1791 1792 1794 1795 1802 1805 1806 1807 1808 1810 1812 1814 2006 2010 2012 2013 2014 2015 2016 2017
2447 2448 2449 2451 2454 2455 2458 2463 2465 2467 2472 2473
2475 2477
2484 2489 2491 2493 2498 2499 2503 2504 2505 2514 2516 2522 2524 2528 2530
614 705 740
2536 2538 2541 2543 2545 2547 2549 2550 2551 2553
2554 2555 2558
2562 2563 2565 2572 2574 2576 2578
2484 2489 2491 2493 2498 2499 2503 2504 2505 2514 2516 2522 2524 2528 2530
2582 2588 2591 2597 2598 2599 2600 2604 2611 2612 2615
2053 2061 2062 2063 2064 2618 2620 2623 2639 2642 2644 2653 2654 2656
1758 1760 1761 1762 1763 1765 1767 1770 1772 1779 1780 1781 1782 1783 1787 1789 1791 1792 1794 1795 1802 1805 1806 1807 1808 1810 1812 1814 2006 2010 2012 2025 2026 2027 2028 2029
1758 1760 1761 1762 1763 1765 1767 1770 1772 1779 1780 1781 1782 1783 1787 1789 1791 1792 1794 1795 1802 1805 1806 1807 1808 1810 1812 1814 2006 2010 2012 2025 2026 2027 2028 2029
1758 1760 1761 1762 1763 1765 1767 1770 1772 1779 1780 1781 1782 1783 1787 1789 1791 1792 1794 1795 1802 1805 1806 1807 1808 1810 1812 1814 2006 2010 2012 2025 2026 2027 2028 2029
1758 1760 1761 1762 1763 1765 1767 1770 1772 1779 1780 1781 1782 1783 1787 1789 1791 1792 1794 1795 1802 1805 1806 1807 1808 1810 1812 1814 2006 2010 2012 2025 2026 2027 2028 2029
1758 1760 1761 1762 1763 1765 1767 1770 1772 1779 1780 1781 1782 1783 1787 1789 1791 1792 1794 1795 1802 1805 1806 1807 1808 1810 1812 1814 2006 2010 2012 2025 2026 2027 2028 2029
1758 1760 1761 1762 1763 1765 1767 1770 1772 1779 1780 1781 1782 1783 1787 1789 1791 1792 1794 1795 1802 1805 1806 1807 1808 1810 1812 1814 2006 2010 2012 2025 2026 2027 2028 2029
1996 1999 2000 2001 2002 2003 2665 2673 2674 2676 2681 2685 2687 2689 2690 2692
1160 1177 1218 1220 1450 2694 2697 2700 2702 2703 2706 2707 2709 2712 2714 2716
2720 2721 2722 2723
2727 2729 2732 2734 2738 2740 2742 2743
132 133 2755 2757 2761 2764 2768 2769
2773 2778 2779 2781 2783
1878 2784
2787 2788 2792 2794 2797 2800 2803
2806 2808 2809 2811
2815 2819 2820
2809 2823
2825 2827 2828 2830
1349 1351 2572 2574 2576 2600 2773 2778 2779 2781 2783 2833 2835 2836 2839
1834 2787 2788 2792 2794 2797 2800 2803 2842 2845 2846 2849 2852
1197 1466 1469 2855 2856 2857
1163 2858
1163 1197 1466 1469 2855 2856 2857 2858
1163 1197 1466 1469 2855 2856 2857 2858
2863 2865 2869 2871 2873 2875 2877 2881 2883 2885 2886 2890 2891 2893 2894 2897 2898 2902 2905 2909
2769 2863 2865 2869 2871 2873 2875 2877 2881 2883 2885 2886 2890 2891 2893 2894 2897 2898 2902 2905 2909 2911 2912 2915
2918 2921 2922 2926 2928 2930 2934 2939 2940 2942 2946 2949 2950 2954 2956 2957 2958 2959 2961 2963 2969 2971 2973 2975 2976 2980 2981 2983 2986 2987 2989 2998 3003 3012 3014 3016 3018 3020 3022 3026 3029 3030 3031 3032 3035 3036 3039 3041 3042 3048 3049 3050 3052 3053 3054 3055 3062 3066 3067 3070 3071 3073 3082
2963 3086 3088 3090 3092 3095 3097 3098 3100
1689 1753 2013 2014 2015 2016 2017 2035 2036 2732 2734 2815 2819 2820 3048 3104 3109 3110 3113 3115 3117 3118 3129 3130 3131 3133 3135 3136
3138 3140 3142 3143 3144 3146 3147 3149 3151 3152
2069 2071 2073 2738 2740 2742 2743 2806 2808 2811 2823 3090 3092 3154 3155
1472 1474 1475 1476 1477 2139 2140 2141 2142 2720 2721 2722 2723
2845 2846 2849 2852
2921 2922 3158 3159 3161 3162 3165
2813 3167
2830 3168
908 909 910 911 912 998 3169 3171 3175 3177 3178
2301 3184
1173 1175 1464 3189 3191 3192 3194 3195 3197
2118 2120 2122 3217 3219 3220 3221
1424 3223 3224 3229 3233 3235
3020 3022 3026 3237 3239 3241 3243 3247 3249 3253 3257 3259 3261 3262
3152 3263
3265 3266 3273 3274 3278 3280 3282 3285 3288 3289 3291 3294 3297 3299 3302 3304 3305 3308 3310 3311 3316 3317 3321 3322 3326 3327 3329 3336 3339 3340 3342 3346 3350 3353 3356 3358 3360 3366 3369 3371 3374 3378 3380 3381 3384 3386 3389 3390 3393 3396 3398 3400 3403 3407
2973 2975 2976 2980 2981
1415 3414 3415
3223 3416
987 992 3154 3155 3418 3420 3422 3426 3427
3430 3432 3433 3434 3435
3189 3437
3088 3418 3420
1460 1765 1767 1770 1772 2712 2956 2957 2958 2959 2961 3086 3165 3439 3440
3444 3445
926 929 931 949 952 3062 3447 3448 3450 3451 3453
3455 3459
3470 3472 3473 3479
3486 3487 3490 3491
3494 3497 3501 3503 3507 3509 3510 3512 3514
132 133 2755 2757 2761 2764 2768 2911 2912 2915
865 867 870 872 873 877 879 880 882 3520
865 3520
3525 3526 3527
3525 3526 3527
3525 3526 3527
3525 3526 3527
3532 3533 3534 3540 3544 3545 3555 3559 3561 3563 3564 3572 3577 3578 3579 3581 3583 3584
3555 3559 3561 3589 3590 3591 3593 3595 3597 3599 3603 3607
3532 3533 3534 3540 3544 3545 3563 3564 3572 3577 3578 3579 3581 3583 3584 3589 3590 3591 3593 3595 3597 3599 3603 3607
3532 3533 3534 3540 3544 3545 3563 3564 3572 3577 3578 3579 3581 3583 3584 3589 3590 3591 3593 3595 3597 3599 3603 3607
3532 3533 3534
3532 3533 3534
3532 3533 3534
3532 3533 3534
3532 3533 3534
3609 3611
3609 3611
3609 3611
3609 3611
3613 3615
3617 3619
3613 3615 3617 3619
3609 3611
3540 3544 3545 3563 3564 3572 3577 3578 3579 3581 3583 3584 3589 3590 3591 3593 3595 3597 3599 3603 3607 3609 3611
3623 3625 3627 3628 3631 3633 3635 3637 3638 3639 3642 3644 3645 3646
3655 3657 3659 3660 3662 3666 3667 3668 3671 3673 3674 3684 3688 3690 3692 3694 3696 3698 3700 3702 3704 3706 3708 3710 3712 3713 3715
3623 3625 3627 3628 3631 3633 3635 3637 3638 3639 3642 3644 3645 3646
3724 3725 3726
3724 3725 3726
3732 3733
3732 3733
3740 3741 3745
3403 3748 3756 3759 3762 3765 3768 3777 3779 3781 3783 3792 3794 3798 3802 3804 3806 3813 3815 3819 3823 3825 3827 3829 3832 3834 3836
3455 3459
3840 3841 3843
3840 3841 3843
2116 3219 3220 3221 3851 3853 3855 3857 3859 3863 3871 3875 3877 3879 3883 3885 3887 3889 3890 3891 3892 3894
3896 3898 3899
3802 3804 3806 3904 3905 3906 3911 3913 3915 3919 3921
3342 3346 3353 3366 3369 3371 3374 3378 3384 3386 3389 3390 3393 3396 3398 3400 3407 3756 3759 3777 3779 3781 3904 3905 3906 3913 3915 3919 3922 3925 3926 3928 3929 3930 3931 3932 3935 3936 3938 3939 3941 3942 3943 3944 3945 3946 3947 3948 3950 3953 3955 3957 3959 3961 3963 3965 3967 3969 3971 3975 3977 3979 3981 3983 3985 3989
2918 3990
944 946
3507 3995
3997 3998 4000 4002 4005 4007 4008 4010 4012 4014 4016 4017 4021 4023 4025 4028 4029 4032 4033 4035 4037 4039 4043 4044 4045 4048 4049 4050 4055 4056 4061 4062 4064 4068 4071 4074 4077 4078 4080 4082 4085 4086 4091
3997 3998 4000 4002 4005 4007 4008 4010 4012 4014 4016 4017 4021 4023 4025 4028 4029 4032 4033 4035 4037 4039 4043 4044 4045 4048 4049 4050 4055 4056 4061 4062 4064 4068 4071 4074 4077 4078 4080 4082 4085 4086 4091
3311 3710 3712 3713 3715 4100 4101 4102 4105 4106 4108 4114 4115 4120 4121 4123
3115 4124
4129 4131 4132 4134 4135 4137 4142 4145 4148 4149 4151 4152 4155 4157 4162 4163 4167 4169 4174 4175
2700 2702 2703 2706 4180 4182 4183 4185 4186 4188 4189 4192 4194 4195
4148 4196
4199 4201 4204 4205 4208 4209 4217 4218 4221 4224 4239 4243 4245 4247 4249 4255 4257 4261 4263 4266 4267 4268 4269 4272 4273 4274 4276 4278 4279 4282 4283 4284 4286 4287 4290 4291 4293 4294 4295 4300 4304 4308 4310 4312 4314 4317 4318
4325 4327 4328 4329 4332 4333 4337 4338 4342 4343 4354 4358 4360 4362 4364 4370 4372 4376
4325 4327 4328 4329 4332 4333 4337 4338 4342 4343 4354 4358 4360 4362 4364 4370 4372 4376
2694 2697 4129 4131 4132 4134 4135 4137 4142 4145 4149 4151 4152 4155 4157 4162 4163 4167 4169 4174 4175 4180 4182 4183 4185 4186 4188 4189 4192 4194 4195 4196
2971 4379
3280 4385 4386 4390 4392 4397 4398 4407 4416 4420 4422 4424 4426 4428 4432 4438 4441 4444 4447 4450 4451 4454 4455 4456 4458 4460 4462 4463 4465 4466 4468
4476 4477 4482 4484 4485
4489 4492 4493 4496
132 133 4499 4500 4502 4504 4505 4506 4507
1123 1181 1182 1185 1187 1192 1194 1199 1204 1205 1210 1211 1225 1229 1231 1236 1238 1240 1245 1246 1250 1266 1270 1274 1279 1280 1284 1286 1287 1289 1291 1292 1294 1299 1303 1304 1307 1308 1311 1314 1359 1360 1382 1387 1441 1444 1451 1452 1453 1454 1455 1462 1463 2562 2563 2565 2578 2588 2709 2714 2716 2727 2729 2833 2836 2856 3194 3195 3197 3437 3497 3509 3510 3512 3995 4511 4514 4518 4523 4524 4526 4531 4535 4538 4540 4564 4569 4570 4571 4574 4579 4580 4582 4583 4585 4588 4589 4592 4593 4594 4596 4598 4599 4607 4610 4611 4612 4613 4615 4616 4621 4625 4627 4635 4637 4639 4642 4651 4656 4659 4662 4666 4669 4677 4680 4683 4686 4689 4691 4693 4696 4699 4701 4708 4710 4728 4732 4736 4738 4740 4742 4743 4745 4746 4747 4750 4754 4758 4762 4766 4768 4770 4776 4777 4779 4781 4782 4784 4786 4787 4795 4797 4801 4806 4807 4808 4810 4812 4813 4815 4822 4823 4825 4827 4829 4832 4834 4836 4843 4845 4849 4851 4852 4853 4854 4859 4860 4864 4867 4868 4870 4877 4882 4883 4886 4888 4889 4891 4894 4899 4901 4903 4905 4906 4909 4912 4913 4918 4919 4924 4925 4926 4928 4930 4932 4934 4936 4938 4942 4943 4944 4948 4949 4951 4954 4955 4957 4961 4962 4963 4965 4966 4969 4971 4974 4976 4980 4981 4983 4984 4987 4988 4990 4993 4997 4998 5001 5004 5005 5007 5009 5011 5014 5016 5019 5021 5024 5025 5028 5030 5033 5037 5042 5044 5049 5052 5053 5056 5057 5059 5061 5062 5064 5066 5068 5072 5074 5077 5078 5080 5081 5084 5086 5088 5090 5093 5096 5099 5100 5102 5105 5106 5110 5113 5115 5117 5119 5120 5126 5129 5131 5135 5138 5141 5142 5145 5148 5150 5152 5155 5159 5160 5163 5164 5168 5170 5172 5175 5176 5178 5180 5182 5183 5188 5191 5196 5198 5202 5204 5207 5208 5210 5212 5214 5216 5220 5221 5222 5225 5226 5228 5230 5232 5235 5239 5240 5243 5244 5245 5247 5248 5250 5252 5254 5255 5260 5262 5264 5266 5267 5269 5271 5273 5275 5276 5279 5281 5284 5285 5287 5289 5290 5296 5297 5300 5303 5309 5313 5315 5317 5318 5320 5324 5328 5330 5331 5334 5335 5337 5338 5341 5345 5346 5350 5352 5357 5359 5361 5364 5367 5369 5371 5374 5376 5378 5384 5387 5390 5393 5395 5396 5397 5399 5400 5405 5406 5407 5409 5411 5413 5416 5417 5421 5423 5424 5427 5433 5435 5437 5439 5443 5447 5451 5452 5455 5457 5461 5463 5465 5468 5471 5473 5475 5477 5483 5485 5487 5489 5493 5498 5500 5503 5504 5506 5511 5512 5515 5518 5519 5520 5524 5525 5527 5534 5535 5538 5540 5541 5543 5544 5548 5550 5553 5554 5557 5560 5561 5563 5565 5566 5568 5570 5571 5573 5579 5580 5581 5590 5591 5593 5595 5596 5597 5598 5601 5603 5607 5608 5613 5618 5619 5622 5626 5627 5629 5632 5636 5639 5643 5649 5653 5656
5661 5663 5666 5667 5672 5673 5675 5677 5682 5683 5690 5692 5694 5696 5697 5698 5706 5708 5710 5711 5713 5719 5720 5728 5730 5734 5738 5740
5749 5751 5754 5755 5759 5760 5764 5765 5769 5770 5778 5780 5782 5784 5786 5788 5790 5791 5792 5793 5796 5797 5800 5802 5803 5806 5810 5820 5822 5824 5826 5828 5830 5832 5834 5838 5840 5844 5848 5850 5852 5854 5856 5858 5867 5869
5876 5879 5880
3304 5881 5883
4666 5891
5893 5894 5895
5897 5899
5897 5899
5905 5906 5912 5913
5915 5917
4199 4201 4204 4205 4208 4209 4217 4218 4221 4224 4239 4243 4245 4247 4249 4255 4257 4261 4263 4266 4267 4268 4269 4272 4273 4274 4276 4278 4279 4282 4283 4284 4286 4287 4290 4291 4293 4294 4295 4300 4304 4308 4310 4312 4314 4317 4318 4476 4477 4482 4484 4485 4489 4492 4493 4496
4199 4201 4204 4205 4208 4209 4217 4218 4221 4224 4239 4243 4245 4247 4249 4255 4257 4261 4263 4266 4267 4268 4269 4272 4273 4274 4276 4278 4279 4282 4283 4284 4286 4287 4290 4291 4293 4294 4295 4300 4304 4308 4310 4312 4314 4317 4318 4476 4477 4482 4484 4485 4489 4492 4493 4496
5918 5919
4205 5922
2612 5938 5942 5945 5946 5948 5950 5951 5953 5955 5959 5961 5964 5967 5970 5971 5974 5977 5982 5985 5988 5991 5996 5997 5999 6001 6005 6006 6008 6009 6010
6012 6014 6015 6018 6021 6022 6024 6028 6030 6031
6035 6038 6040 6044 6045 6047 6048 6050 6051 6052 6056 6058 6059 6060
6064 6065 6066
5971 5974 5977 6021 6022 6069 6072 6074 6075 6078 6079 6083
6035 6038 6040 6044 6045 6047 6048 6050 6051 6052 6056 6058 6059 6060
1820 1821 1822 1824 1826 1831 1841 1846 1847 1848 1852 1854 1855 1876 1880 1881 1883 1885 1895 1896 1899 1900 1908 1913 1917 1921 1923 1926 1929 1932 1933 1935 1938 1942 1943 1945 1947 1948 1952 1954 1980 2044 2045 2046 2078 2079 2083 2085 2086 2087 2127 2129 2618 2620 2623 2639 2642 2644 2653 2654 2656 2784 2842 3813 3815 3819 3823 3825 3827 3829 3832 3834 3836
4199 4201 4204 4217 4218 4221 4224 4239 4243 4245 4249 4255 4257 4261 4263 4266 4267 4268 4269 4272 4273 4274 4276 4278 4279 4282 4283 4284 4286 4287 4290 4291 4293 4294 4295 4300 4304 4310 4312 4314 4317 4318 6086 6092 6093 6094 6096 6100 6103 6104 6108 6111 6112 6114 6115 6118 6119 6120 6121 6122 6123 6124 6125 6126 6127 6128 6129 6130 6131 6132 6134 6135
1820 1821 1822 1824 1826 1831 1841 1846 1847 1848 1852 1854 1855 1876 1880 1881 1883 1885 1895 1896 1899 1900 1908 1913 1917 1921 1923 1926 1929 1932 1933 1935 1938 1942 1943 1945 1947 1948 1952 1954 1980 2044 2045 2046 2078 2079 2083 2085 2086 2087 2127 2129 2618 2620 2623 2639 2642 2644 2653 2654 2656 2784 2842 3813 3815 3819 3823 3825 3827 3829 3832 3834 3836
1820 1821 1822 1824 1826 1831 1841 1846 1847 1848 1852 1854 1855 1876 1880 1881 1883 1885 1895 1896 1899 1900 1908 1913 1917 1921 1923 1926 1929 1932 1933 1935 1938 1942 1943 1945 1947 1948 1952 1954 1980 2044 2045 2046 2078 2079 2083 2085 2086 2087 2127 2129 2618 2620 2623 2639 2642 2644 2653 2654 2656 2784 2842 3813 3815 3819 3823 3825 3827 3829 3832 3834 3836
1820 1821 1822 1824 1826 1831 1841 1846 1847 1848 1852 1854 1855 1876 1880 1881 1883 1885 1895 1896 1899 1900 1908 1913 1917 1921 1923 1926 1929 1932 1933 1935 1938 1942 1943 1945 1947 1948 1952 1954 1980 2044 2045 2046 2078 2079 2083 2085 2086 2087 2127 2129 2618 2620 2623 2639 2642 2644 2653 2654 2656 2784 2842 3813 3815 3819 3823 3825 3827 3829 3832 3834 3836
1820 1821 1822 1824 1826 1831 1841 1846 1847 1848 1852 1854 1855 1876 1880 1881 1883 1885 1895 1896 1899 1900 1908 1913 1917 1921 1923 1926 1929 1932 1933 1935 1938 1942 1943 1945 1947 1948 1952 1954 1980 2044 2045 2046 2078 2079 2083 2085 2086 2087 2127 2129 2618 2620 2623 2639 2642 2644 2653 2654 2656 2784 2842 3813 3815 3819 3823 3825 3827 3829 3832 3834 3836
1841 1846 1847 1848 1852 1854 1855 1876 1880 1881 1883 1885 1895 1896 1899 1900 1908 1913 1917 1921 1923 1926 1929 1932 1933 1935 1938 1942 1943 1945 1947 1948 1952 1954 1980 2044 2045 2046 2127 2129 2618 2620 2623 2639 2642 2644 2653 2654 2656 2784 3813 3815 3819 3823 3825 3827 3829 3832 3834 3836 6140 6143 6145 6148 6150 6152 6157 6160 6161 6165 6167 6168 6169 6173 6176 6177 6178 6180 6181 6184 6189 6191 6192 6194 6197 6199 6201 6202 6204 6206 6208 6210 6211 6213 6215 6222 6226 6228 6230 6232 6234 6236 6238 6240 6242
3655 6191 6252 6255 6257 6259 6262
5596 6265
3448 6266 6267
6271 6273 6279 6280 6282 6284 6285
5905 5906 5912 5913
6288 6289
6291 6292 6294
6296 6297 6299 6300
6306 6307 6309 6312 6316 6318 6319 6321 6325 6326 6330 6332 6334 6337
3514 4662 4680 4686 4701 4710 4745 4746 4768 4770 5891 6296 6299 6341 6344 6346 6349 6353 6355 6360 6362 6368 6371 6373 6375 6378 6382 6391 6394 6396 6402 6405 6408 6410 6413 6418 6419 6426 6429 6432 6436 6440 6442 6445 6447 6450 6451 6453 6456 6458 6461 6462 6466 6469 6474 6476 6481 6486 6489 6492 6497 6499 6505 6508 6510 6512 6515 6518 6523 6524 6527 6528 6530 6532 6536 6538 6539 6540 6541 6545 6546 6551 6552 6556 6559 6560
6341 6344 6346 6349 6353 6355 6360 6362 6368 6371 6373 6375 6378 6382 6391 6394 6396 6402 6405 6408 6410 6413 6418 6419 6426 6429 6432
6492 6561
6492 6561
6492 6524 6562 6564 6568
6579 6580
6581 6584
5754 6585
6588 6589 6592 6593 6594 6599 6608 6612 6615 6618 6620 6622 6623 6627 6628 6632 6635 6638 6648 6650 6652 6653 6655 6660 6661 6674 6678 6680 6682 6690 6692 6699 6701 6702 6703 6708 6709 6710 6715 6716 6717 6719 6721 6722 6727 6728 6730 6732 6733 6734 6736 6737 6739 6741 6742 6744 6745 6748 6750 6752 6754 6755 6757 6760 6761 6764 6766 6767 6769 6770 6772 6774 6776 6778 6780 6789 6792 6793 6795 6798 6801 6804 6807 6808 6813 6816 6818 6820 6821 6824 6826 6831
2946 2949 2950 6840 6841
6842 6845 6846
6851 6852 6854 6857 6858 6863 6864
6854 6867
1417 6291 6292 6294 6872 6874 6876 6878 6879 6880 6883 6888 6893 6894 6895 6898 6904 6905 6907 6909 6911 6913
6893 6894 6895 6907 6909 6911 6913 6915 6923 6925 6926 6927 6928 6930 6932
6927 6934
6863 6864 6867 6935 6940 6941 6945 6946 6949
2946 2949 2950 6840 6841 6842 6845 6846
6951 6952 6954
739 3138 3140 3142
1852 1854 6958 6960
713 714 715 1523 1524 1525 1527 1531 1534 1537 1538 1546 1549 1550 1551 1552 1554 1556 1558 1560 1562 1564 1566 1977 1984 1987 1992 1994 2665 2673 2674 2676 2681 2685 2687 2689 2690 2692 6964 6966 6967 6968 6969 6970 6971 6973 6975 6977 6978 6979
6981 6982 6983 6986 6988 6989 6991 6993 6994 6995 6997 7002 7005 7012 7014 7016 7018 7019 7021 7022 7024 7025 7026 7027 7032 7033 7035 7038 7046 7050 7053 7055 7056 7057 7060 7063 7067 7075 7077 7078 7082 7084 7087 7088 7092 7093 7095 7098 7099 7106 7107 7110 7111 7113 7115 7123 7127 7129 7131 7135 7137 7145 7147
6588 6589 6592 6593 6594 6599 6608 6612 6615 6618 6620 6622 6623 6627 6628 6632 6635 6638 6648 6650 6652 6653 6655 6660 6661 6674 6678 6680 6682 6690 6692 6699 6701 6702 6703 6708 6709 6710 6715 6716 6717 6719 6721 6722 6727 6728 6730 6732 6733 6734 6736 6737 6739 6741 6742 6744 6745 6748 6750 6752 6754 6755 6757 6760 6761 6764 6766 6767 6769 6770 6772 6774 6776 6778 6780 6789 6792 6793 6795 6798 6801 6804 6807 6808 6813 6816 6818 6820 6821 6824 6826 6831 6981 6982 6983 6986 6988 6989 6991 6993 6994 6995 6997 7002 7005 7012 7014 7016 7018 7019 7021 7022 7024 7025 7026 7027 7032 7033 7035 7038 7046 7050 7053 7055 7056 7057 7060 7063 7067 7075 7077 7078 7082 7084 7087 7088 7092 7093 7095 7098 7099 7106 7107 7110 7111 7113 7115 7123 7127 7129 7131 7135 7137 7145 7147 7150 7152 7153 7156 7157 7159 7160 7161 7162 7168 7169 7171 7172 7174 7175 7178 7179 7183 7184
7195 7197 7198
7195 7197 7198
6876 6878 6879 7203 7204 7206 7207 7209 7210 7211 7212
7150 7152 7153 7156 7157 7159 7160 7161 7162 7168 7169 7171 7172 7174 7175 7178 7179 7183 7184 7215
7150 7152 7153 7156 7157 7159 7160 7161 7162 7168 7169 7171 7172 7174 7175 7178 7179 7183 7184
7150 7152 7153 7156 7157 7159 7160 7161 7162 7168 7169 7171 7172 7174 7175 7178 7179 7183 7184
7150 7152 7153 7156 7157 7159 7160 7161 7162 7168 7169 7171 7172 7174 7175 7178 7179 7183 7184
7150 7152 7153 7156 7157 7159 7160 7161 7162 7168 7169 7171 7172 7174 7175 7178 7179 7183 7184
7150 7152 7153 7156 7157 7159 7160 7161 7162 7168 7169 7171 7172 7174 7175 7178 7179 7183 7184
7150 7152 7153 7156 7157 7159 7160 7161 7162 7168 7169 7171 7172 7174 7175 7178 7179 7183 7184 7220 7221 7222 7228 7230 7231 7235
7150 7152 7153 7156 7157 7159 7160 7161 7162 7168 7169 7171 7172 7174 7175 7178 7179 7183 7184 7220 7221 7222 7228 7230 7231 7235
7150 7152 7153 7156 7157 7159 7160 7161 7162 7168 7169 7171 7172 7174 7175 7178 7179 7183 7184 7220 7221 7222 7228 7230 7231 7235
7150 7152 7153 7156 7157 7159 7160 7161 7162 7168 7169 7171 7172 7174 7175 7178 7179 7183 7184 7220 7221 7222 7228 7230 7231 7235
4476 4477 4489 4492 4493 5918 5919 6581 7240 7241
7243 7244 7246 7250 7251
7243 7244 7254
1870 7255
7156 7157 7159 7160 7161 7162 7168 7183 7184 7259 7264
2946 2949 2950 3162 3439 7270 7273 7274
3414 3415 5204 5245 5297 5938 6309 6923 6928 7278 7279 7280 7281 7282 7284 7285 7286 7289 7296
7150 7152 7153 7169 7171 7172 7174 7175 7178 7179 7259 7264
7301 7302 7308 7310 7311 7315
7150 7152 7153 7169 7171 7172 7174 7175 7178 7179 7259 7264 7301 7302 7308 7310 7311 7315
7150 7152 7153 7169 7171 7172 7174 7175 7178 7179 7259 7264 7301 7302 7308 7310 7311 7315
7150 7152 7153 7169 7171 7172 7174 7175 7178 7179 7259 7264 7301 7302 7308 7310 7311 7315
7150 7152 7153 7169 7171 7172 7174 7175 7178 7179 7259 7264 7301 7302 7308 7310 7311 7315
1758 1760 1761 1762 1763 1779 1780 1781 1782 1783 1787 1789 1791 1792 1794 1795 1802 1805 1806 1807 1808 1810 1812 1814 2006 2010 2012 2025 2026 2027 2028 2029 3440 3657 3659 3660 3662 3666 3667 3668 3671 3673 3674 3684 3688 3690 3692 3694 3696 3698 3700 3702 3704 3706 3708 4100 4101 4102 4105 4106 4108 4114 4115 4120 4121 4123
1758 1760 1761 1762 1763 1779 1780 1781 1782 1783 1787 1789 1791 1792 1794 1795 1802 1805 1806 1807 1808 1810 1812 1814 2006 2010 2012 2025 2026 2027 2028 2029 3440 3657 3659 3660 3662 3666 3667 3668 3671 3673 3674 3684 3688 3690 3692 3694 3696 3698 3700 3702 3704 3706 3708 4100 4101 4102 4105 4106 4108 4114 4115 4120 4121 4123 7150 7152 7153 7169 7171 7172 7174 7175 7178 7179 7259 7264 7301 7302 7308 7310 7311 7315
1758 1760 1761 1762 1763 1779 1780 1781 1782 1783 1787 1789 1791 1792 1794 1795 1802 1805 1806 1807 1808 1810 1812 1814 2006 2010 2012 2025 2026 2027 2028 2029 3440 3657 3659 3660 3662 3666 3667 3668 3671 3673 3674 3684 3688 3690 3692 3694 3696 3698 3700 3702 3704 3706 3708 4100 4101 4102 4105 4106 4108 4114 4115 4120 4121 4123 7150 7152 7153 7169 7171 7172 7174 7175 7178 7179 7259 7264 7301 7302 7308 7310 7311 7315
1758 1760 1761 1762 1763 1779 1780 1781 1782 1783 1787 1789 1791 1792 1794 1795 1802 1805 1806 1807 1808 1810 1812 1814 2006 2010 2012 2025 2026 2027 2028 2029 3440 3657 3659 3660 3662 3666 3667 3668 3671 3673 3674 3684 3688 3690 3692 3694 3696 3698 3700 3702 3704 3706 3708 4100 4101 4102 4105 4106 4108 4114 4115 4120 4121 4123 7150 7152 7153 7169 7171 7172 7174 7175 7178 7179 7259 7264 7301 7302 7308 7310 7311 7315
2006 2010 2012 2025 2026 2027 2029 7326 7327 7329 7339 7341 7344 7346 7347 7350 7351 7355 7356 7357 7359
7364 7365 7366 7367
3898 7369
7369 7370
7150 7152 7153 7169 7171 7172 7174 7175 7178 7179 7259 7264
7150 7152 7153 7169 7171 7172 7174 7175 7178 7179 7259 7264
7150 7152 7153 7169 7171 7172 7174 7175 7178 7179 7259 7264
7150 7152 7153 7169 7171 7172 7174 7175 7178 7179 7259 7264
7150 7152 7153 7169 7171 7172 7174 7175 7178 7179 7259 7264
7150 7152 7153 7169 7171 7172 7174 7175 7178 7179 7259 7264
7150 7152 7153 7169 7171 7172 7174 7175 7178 7179 7259 7264
7150 7152 7153 7169 7171 7172 7174 7175 7178 7179 7259 7264
7259 7264 7381 7382 7386 7387 7388 7389 7390 7391 7392 7395 7396 7400 7404 7407 7410 7411 7414 7416 7417 7422 7425 7429 7431 7432 7435 7436 7438 7441 7444 7449 7457 7465 7469 7471 7473 7475 7477 7485 7488 7489 7491 7501 7505 7514 7516 7520 7522 7524 7536 7541
7390 7396 7552 7557 7559
7259 7264 7381 7382 7386 7387 7388 7389 7552 7557
7259 7264 7381 7382 7386 7387 7388 7389 7390 7396 7559
7259 7264 7381 7382 7386 7387 7388 7389 7390 7396 7559
7259 7264 7396 7559 7568 7571 7572 7573 7574 7576
7568 7578
7259 7264 7396 7559 7571 7572 7573 7574 7576 7578
7583 7584 7585 7587
7583 7584 7585 7587
7259 7264 7396 7559 7571 7572 7573 7574 7576 7578
7591 7592 7599 7601 7603 7608 7610 7612 7620 7622 7626 7630 7632 7634
5661 5749 5751 7643 7644 7646 7647 7648 7650 7651 7653 7654 7656 7657 7660 7666
7591 7592 7648 7650 7651 7660 7674 7676 7679 7681 7682 7684 7685 7692 7694 7696 7698 7700 7702 7706 7707 7710 7712 7713 7714 7715 7716 7720 7722 7724 7728 7730 7732 7740 7742 7746 7750 7753 7755 7758 7760 7762 7763 7765 7767 7768 7775 7777 7779 7780 7782 7786 7788 7790 7792 7793 7794 7796 7798 7806 7808 7812 7816 7822 7825 7828 7830 7831 7833 7834 7835 7837 7846 7847 7850 7852 7858 7860
7870 7871 7873 7875 7882 7883 7885 7888
7150 7169 7171 7172 7178 7179 7571 7572 7573 7574 7576 7578 7894 7897 7898 7900 7901 7903 7907 7908 7909 7910 7913 7915 7917 7919 7922 7924 7925 7926 7927
7897 7900 7934 7936
7894 7901 7903 7950 7952 7956 7958 7961 7965 7967 7969 7972 7974 7976 7979 7980
7934 7936 7982 7984 7986 7990 7991 7992
7958 7972 7974 7976 7994 7996
6064 6065 6066 7364 7365 7366 7367
7996 7997
7956 7965 7967 7969 7986 7997 8002 8004 8007 8008 8009 8014 8016 8018
6064 6065 6066 7364 7365 7366 7367 7894 7897 7900 7901 7903 7950 7952 7961 7979 7980 7982 7984 7990 7991 7992 7994 8002 8004 8007 8008 8009 8014 8016 8018
7152 7153 7894 7900 7901 7903 7913 7915 7917 7919 7922 8022 8024 8028 8029 8031 8036 8038 8040 8043 8045 8048 8051 8052 8053 8055 8058 8062 8063 8064 8066 8067 8069 8072 8073 8078 8081
6064 6065 6066 7364 7365 7366 7367
1123 4538 4651 4669 6564 6568 8087 8090 8092
8028 8045 8051 8052 8053 8055 8058 8062 8063 8064 8095 8097 8099
5893 5894 5895
6951 6952 6954 8101 8103
6213 6215 7429 8113
7858 7860 8116 8118
7858 7860 8116 8118
2998 3003 3012 3014 3016 3018 3029 3030 3031 3032 3035 3036 3039 3041 3042 3049 3050 3052 3053 3054 3055 3104 3237 3239 3241 3243 3247 3249 3253 3257 3259 3261 3262 7174 7175 7897 7898 7907 7908 7909 7910 7924 7925 7926 7927 8022 8024 8029 8031 8036 8038 8040 8043 8048 8066 8067 8069 8072 8073 8078 8081 8085 8097 8099
2998 3003 3012 3014 3016 3018 3029 3030 3031 3032 3035 3036 3039 3041 3042 3049 3050 3052 3053 3054 3055 3082 3104 3237 3239 3241 3243 3247 3249 3253 3257 3259 3261 3262
3082 7174 7175 7897 7898 7907 7908 7909 7910 7924 7925 7926 7927 8022 8024 8029 8031 8036 8038 8040 8043 8048 8066 8067 8069 8072 8073 8078 8081 8085 8097 8099
8129 8130 8131 8134
8129 8130 8131 8134
7897 7898 8043 8048
8138 8140 8141 8143 8144 8145 8146 8153 8155 8157 8158 8159 8160 8164 8166 8168 8169 8170 8172 8174 8182 8184 8188 8194 8196 8198
8022 8138 8140 8141 8143 8144 8145 8146 8153 8155 8157 8158 8159 8160 8164 8166 8168 8169 8170 8172 8174 8182 8184 8188 8194 8196 8198
8022 8138 8140 8141 8143 8144 8145 8146 8153 8155 8157 8158 8159 8160 8164 8166 8168 8169 8170 8172 8174 8182 8184 8188 8194 8196 8198
8022 8138 8140 8141 8143 8144 8145 8146 8153 8155 8157 8158 8159 8160 8164 8166 8168 8169 8170 8172 8174 8182 8184 8188 8194 8196 8198
8022 8138 8140 8141 8143 8144 8145 8146 8153 8155 8157 8158 8159 8160 8164 8166 8168 8169 8170 8172 8174 8182 8184 8188 8194 8196 8198
8209 8210
8213 8214 8217 8218
8223 8224
8209 8210 8223 8224
8227 8230
8236 8245
8250 8251 8255 8256
8250 8251 8255 8256
8250 8251 8255 8256
8259 8260 8264 8265 8268 8269 8272 8273
7775 7779 7780 7782 7786 7788 7790 7792 7793 7794 7798 7806 7808 7812 7816 8259 8260 8264 8265 8268 8269 8272 8273 8280 8282 8284 8286 8288 8289 8290 8291 8293 8294 8295 8296 8297 8298 8299 8300 8302 8303 8307 8308 8309 8310 8311 8312 8313 8314 8316 8318 8319 8320 8321 8325 8327 8329 8331 8333 8335 8336 8337 8339 8341 8343 8345 8347 8349 8351 8353 8355 8357 8359 8361
8250 8251 8255 8256 8369 8370 8371 8372 8375 8376 8377 8378 8379 8380 8383 8384 8385 8386 8387 8389 8390 8391 8392 8393 8394 8395 8396 8397 8400 8401 8403 8405 8406 8407 8408 8410 8411
7679 7681 7682 7684 7685 7692 7694 7696 7698 7700 7702 7706 7707 7710 7712 7713 7714 7715 7716 7720 7722 7724 7728 7730 7732 7740 7742 7746 7750 7753 7850 7852 8227 8245
1145 1147 1148
1145 1147 1148
8067 8414
8416 8419 8424 8426 8434 8436
8416 8419 8424 8426 8434 8436
7833 7834 8441 8445 8447 8450
8022 8138 8140 8141 8143 8144 8145 8146 8153 8155 8157 8158 8159 8160 8164 8166 8168 8169 8170 8172 8174 8182 8184 8188 8194 8196 8198 8213 8214 8217 8218 8236 8369 8370 8371 8372 8375 8376 8377 8378 8379 8380 8383 8384 8385 8386 8387 8389 8390 8391 8392 8393 8394 8395 8396 8397 8400 8401 8403 8405 8406 8407 8408 8410 8411
8022 8138 8140 8141 8143 8144 8145 8146 8153 8155 8157 8158 8159 8160 8164 8166 8168 8169 8170 8172 8174 8182 8184 8188 8194 8196 8198 8213 8214 8217 8218 8236 8369 8370 8371 8372 8375 8376 8377 8378 8379 8380 8383 8384 8385 8386 8387 8389 8390 8391 8392 8393 8394 8395 8396 8397 8400 8401 8403 8405 8406 8407 8408 8410 8411
8454 8455 8456 8458 8460 8461 8463 8464 8466 8467 8472 8474 8476 8477 8479 8481 8482 8483 8487 8489 8491 8496 8498 8501 8511 8515 8517 8519 8523 8525 8527 8529 8531 8533 8535 8537 8539 8543 8557 8565 8569 8571 8573 8577 8579 8581 8583 8585 8587 8588 8590 8600 8603 8604 8606 8609 8612 8614 8617 8619 8622 8623 8627 8628 8632 8633 8635
8236 8600 8603 8604 8606 8609 8612 8614 8617 8619 8622 8623 8627 8628 8632 8633 8635
240 1656 1657 1658 1660 1664 1666 1668 3859 8182 8184 8188 8194 8474 8476 8477 8647 8649 8653 8659 8668 8672 8674 8676 8680 8682 8684 8686 8687 8689 8690 8693
8697 8698
8698 8708 8712 8716 8717 8718 8721 8724 8725 8732 8733 8735 8737 8739 8741 8743
8747 8749 8752 8754 8755 8757 8761 8763 8764 8769
8770 8771 8773 8774 8776 8778 8781 8787 8789 8792 8795 8796 8798 8799 8801 8802 8806 8807 8811 8816 8817 8823 8824 8825 8828 8829 8830 8841 8845 8849 8850 8851 8853 8858 8865 8867 8869 8872 8874
3316 3317 3321 3322 3326 3327 3329
8888 8890 8891 8892 8895 8898 8899 8900 8904
3217 3851 3853 3855 3857 3863 3871 3875 3877 3879 3883 3885 3887 3889 3890 3891 3892 3894 8022 8138 8140 8141 8143 8144 8145 8146 8153 8155 8157 8158 8159 8160 8164 8166 8168 8169 8170 8172 8174 8196 8198 8213 8214 8217 8218 8369 8370 8371 8372 8375 8376 8377 8378 8379 8380 8383 8384 8385 8386 8387 8389 8390 8391 8392 8393 8394 8395 8396 8397 8400 8401 8403 8405 8406 8407 8408 8410 8411 8454 8455 8456 8458 8460 8461 8463 8464 8466 8467 8472 8479 8481 8482 8483 8487 8489 8491 8496 8498 8501 8647 8649 8653 8659 8668 8672 8674 8676 8680 8682 8684 8686 8687 8689 8690 8693
3217 3851 3853 3855 3857 3863 3871 3875 3877 3879 3883 3885 3887 3889 3890 3891 3892 3894 8022 8138 8140 8141 8143 8144 8145 8146 8153 8155 8157 8158 8159 8160 8164 8166 8168 8169 8170 8172 8174 8196 8198 8213 8214 8217 8218 8369 8370 8371 8372 8375 8376 8377 8378 8379 8380 8383 8384 8385 8386 8387 8389 8390 8391 8392 8393 8394 8395 8396 8397 8400 8401 8403 8405 8406 8407 8408 8410 8411 8454 8455 8456 8458 8460 8461 8463 8464 8466 8467 8472 8479 8481 8482 8483 8487 8489 8491 8496 8498 8501 8647 8649 8653 8659 8668 8672 8674 8676 8680 8682 8684 8686 8687 8689 8690 8693 8721 8754 8914 8918 8922 8923 8924 8926 8928 8931 8932 8939 8940 8942 8944 8946 8948 8950 8959 8960
3217 3851 3853 3855 3857 3863 3871 3875 3877 3879 3883 3885 3887 3889 3890 3891 3892 3894 8022 8138 8140 8141 8143 8144 8145 8146 8153 8155 8157 8158 8159 8160 8164 8166 8168 8169 8170 8172 8174 8196 8198 8213 8214 8217 8218 8236 8369 8370 8371 8372 8375 8376 8377 8378 8379 8380 8383 8384 8385 8386 8387 8389 8390 8391 8392 8393 8394 8395 8396 8397 8400 8401 8403 8405 8406 8407 8408 8410 8411 8454 8455 8456 8458 8460 8461 8463 8464 8466 8467 8472 8479 8481 8482 8483 8487 8489 8491 8496 8498 8501 8647 8649 8653 8659 8668 8672 8674 8676 8680 8682 8684 8686 8687 8689 8690 8693 8914 8918 8922 8923 8924 8926 8928 8931 8932 8939 8940 8942 8944 8946 8948 8950
3217 3851 3853 3855 3857 3863 3871 3875 3877 3879 3883 3885 3887 3889 3890 3891 3892 3894 8022 8138 8140 8141 8143 8144 8145 8146 8153 8155 8157 8158 8159 8160 8164 8166 8168 8169 8170 8172 8174 8196 8198 8213 8214 8217 8218 8236 8369 8370 8371 8372 8375 8376 8377 8378 8379 8380 8383 8384 8385 8386 8387 8389 8390 8391 8392 8393 8394 8395 8396 8397 8400 8401 8403 8405 8406 8407 8408 8410 8411 8454 8455 8456 8458 8460 8461 8463 8464 8466 8467 8472 8479 8481 8482 8483 8487 8489 8491 8496 8498 8501 8647 8649 8653 8659 8668 8672 8674 8676 8680 8682 8684 8686 8687 8689 8690 8693 8914 8918 8922 8923 8924 8926 8928 8931 8932 8939 8940 8942 8944 8946 8948 8950
8157 8158 8159 8160 8182 8184 8188 8194 8213 8214 8217 8218 8647 8649 8653 8659 8961 8964 8965 8967 8969 8971 8973 8975 8977 8979 8981 8985 8986 8988 8989 8990 8992 8993 8994
8236 8914 8918 8922 8923 8924 8926 8928 8931 8932 8939 8940 8942 8944 8946 8948 8950
8999 9003 9004 9006 9009 9011 9012 9013
1758 1760 1761 1762 1763 1779 1780 1781 1782 1783 1787 1789 1791 1792 1794 1795 1802 1805 1806 1807 1808 1810 1812 1814 2028 3440 3657 3659 3660 3662 3666 3667 3668 3671 3673 3674 3684 3688 3690 3692 3694 3696 3698 3700 3702 3704 3706 3708 4100 4101 4102 4105 4106 4108 4114 4115 4120 4121 4123 7174 7175 7326 7327 7329 7391 7392 7395 7396 7400 7404 7407 7410 7411 7414 7416 7417 7422 7425 7431 7432 7435 7436 7438 7441 7444 7449 7457 7465 7469 7471 7473 7475 7477 7485 7488 7489 7491 7501 7505 7514 7516 7520 7522 7524 7536 7541 7907 7908 7909 7910 7924 7925 7926 7927 8024 8029 8031 8036 8038 8040 8066 8069 8072 8073 8078 8081 8085 8097 8099 8414
1758 1760 1761 1762 1763 1779 1780 1781 1782 1783 1787 1789 1791 1792 1794 1795 1802 1805 1806 1807 1808 1810 1812 1814 2028 3440 3657 3659 3660 3662 3666 3667 3668 3671 3673 3674 3684 3688 3690 3692 3694 3696 3698 3700 3702 3704 3706 3708 4100 4101 4102 4105 4106 4108 4114 4115 4120 4121 4123 7174 7175 7326 7327 7329 7391 7392 7395 7396 7400 7404 7407 7410 7411 7414 7416 7417 7422 7425 7431 7432 7435 7436 7438 7441 7444 7449 7457 7465 7469 7471 7473 7475 7477 7485 7488 7489 7491 7501 7505 7514 7516 7520 7522 7524 7536 7541 7907 7908 7909 7910 7924 7925 7926 7927 8024 8029 8031 8036 8038 8040 8066 8069 8072 8073 8078 8081 8085 8097 8099 8414
7174 7175 7907 7908 7909 7910 7924 7925 7926 7927 8066 8069 8072 8073 8078 8081 8085 8414
7174 7175 7907 7908 7909 7910 7924 7925 7926 7927 8066 8069 8072 8073 8078 8081 8085 8414
9016 9017 9019 9020 9021 9023 9024 9026 9027
9033 9035 9036 9037 9038
9042 9043 9044 9045
9042 9043 9044 9045
9058 9059 9063 9064
9066 9070 9071 9074 9075 9077 9078 9081 9086 9087
7174 7175 7924 7925 7926 7927 8024 8029 8031 8036 8038 8040 8066 8069 8072 8073 8078 8081 8085 8097 8099 8143 8414 8999 9003 9006 9009 9011 9012 9013 9049 9058 9059 9063 9064 9066 9070 9071 9074 9075 9077 9078 9081 9086 9087 9090 9092 9093 9095 9099 9101 9103 9107 9109 9112 9115 9119 9121 9123 9127 9129 9131 9135 9137 9139 9143 9144 9146 9150 9152 9154 9159 9161 9163 9175 9177 9180 9183 9185 9187 9188 9194 9196 9197 9198
7174 7175 7924 7925 7926 7927 8024 8029 8031 8036 8038 8040 8066 8069 8072 8073 8078 8081 8085 8097 8099 8143 8414 8999 9003 9006 9009 9011 9012 9013 9090 9092 9093 9095 9099 9101 9103 9107 9109 9112 9115 9119 9121 9123 9127 9129 9131 9135 9137 9139 9143 9144 9146 9150 9152 9154 9159 9161 9163 9175 9177 9180 9183 9185 9187 9188 9194 9196 9197 9198
9201 9206 9207
9210 9217 9223
9229 9233 9237 9247 9251 9253 9255 9257 9259 9263 9267 9269 9271 9273 9275 9277 9279 9281 9282 9283 9289 9290 9294 9295 9297 9299 9303 9304 9306
7246 7250 7251 7254
9319 9320 9323 9324
9319 9320 9323 9324
9201 9206 9207 9326 9330 9332 9334 9352 9360 9364 9366 9368 9370 9372 9374 9380 9382 9384 9386 9392
3158 9003 9004 9397 9398 9399
9405 9408 9410 9415 9417 9420 9422 9424 9425 9426 9427 9430 9436 9437 9438 9441 9442 9443 9446 9449 9450 9452 9453 9460 9464 9466 9468 9470 9472
9476 9477 9478 9479 9480 9481 9488 9492 9494 9496 9498 9500 9502 9503 9505
7174 7175 7907 7908 7909 7910 7924 7925 7926 7927 8029 8066 8069 8072 8073 8078 8081 8085 8414 9006 9508 9509 9511 9512 9514 9516 9518 9521 9526 9528 9529 9531 9532 9534 9535 9537 9538 9541 9543 9545 9547 9549 9552 9553 9554 9556 9561 9563 9565 9569 9571 9572
3899 9574
9576 9578 9579 9581
7174 7175 7907 7908 7909 7910 7924 7925 7926 7927 8029 8066 8069 8072 8073 8078 8081 8085 8414 9006 9511 9512 9514 9516 9518 9521 9526 9528 9529 9531 9532 9534 9535 9537 9538 9541 9543 9545 9547 9549 9552 9553 9554 9556 9561 9563 9565
9590 9592 9597 9600 9602 9604 9606 9607 9609 9610 9612 9616 9620 9624 9626 9628
240 1656 1657 1658 1660 1664 1666 1668 3859 8487 8489 8491 8668 8672 8674 8676 8680 8682 8684 8686 8687 8689 8690 8693 9631 9635 9639 9642 9644 9646
2458 9651 9653 9658 9659 9667 9669
9671 9673 9674
8743 9680 9681 9682
8099 9693 9694 9696 9700 9701 9703
8099 9693 9694 9696 9700 9701 9703
3859 7329 7536 8539 9392 9706 9707 9710 9711 9714
755 762 1135 2467 3169 3836 3944 4637 9653 9667 9669 9722 9727 9729 9731 9732 9735 9738 9741 9742 9743 9744 9746 9747 9751 9753 9755 9756
9762 9763
2349 2354 2355 2356 2359 2361 2369 2376 2381 2383 2385 2386 2388 2391 2392 2395 2396 2397 2403 2404 2405 2416 2420 2424 2426 2428 2430 2432 2434 2436 2438
9405 9408 9410 9415 9417 9420 9422 9424 9425 9426 9427 9430 9436 9437 9438 9441 9442 9443 9446 9449 9450 9452 9453 9460 9464 9466 9468 9470 9472 9476 9477 9478 9479 9480 9481 9488 9492 9494 9496 9498 9500 9502 9503 9505 9682
2376 2381 2383 2385 2386 2388 2391 2392 2395 2396 2397 2403 2404 2405 2416 2420 2424 2426 2428 2430 2432 2434 2436 2438 9766 9770 9775 9780 9781 9782 9784 9785
2376 2381 2383 2385 2386 2388 2391 2392 2395 2396 2397 2403 2404 2405 2416 2420 2424 2426 2428 2430 2432 2434 2436 2438 9766 9770 9775 9780 9781 9782 9784 9785
9786 9787 9789 9790 9793 9795 9801 9802 9804 9806 9808 9811 9812 9821 9823 9825 9828 9830 9832 9839 9841 9842 9846 9848 9850 9852 9855 9856 9858 9859 9860 9862 9864 9866 9868 9872 9874 9876 9886 9890 9892 9894 9898 9900 9902 9904 9906 9908 9909 9910 9912 9914 9915 9917 9919 9921 9923 9925 9928 9929 9931 9932 9940 9941 9943 9945 9947 9950
9958 9959 9961 9962
7643 7644 7646 7647 7653 7654 7656 7657 7837 7870 7871 7873 7875 7882 7883 7885 7888 9965 9969
3233 3235 6868 7279 7280 7281 7282 7284 9973 9975 9977
9717 9762 9763 9984
9989 9992 9993
9989 9992 9993
9995 9996
9995 9996
10001 10003 10006 10007 10008 10010 10011 10013 10014 10017 10018 10026 10036 10040 10042 10044 10046 10048 10052 10054 10056 10060 10062 10063 10064 10065 10066 10068 10070 10071 10076 10080 10084 10085 10087 10093 10094 10097 10101 10102 10104 10108 10110 10124 10130 10131 10133 10135 10139 10141 10142 10143 10144 10146 10148 10151 10153 10154 10155 10157 10159 10162 10165 10166 10167 10169 10171 10174 10177 10178 10179 10180
8097 8099 10191 10193 10195
10187 10196
10200 10201 10204 10206 10207 10219 10223 10225 10227 10229 10231 10233 10235 10237 10239 10241 10247 10248 10249 10250
10258 10259 10260 10262 10263 10264 10267 10270 10272 10275 10278 10279 10280 10285 10286 10290 10294 10298 10300 10306 10307 10308 10309 10310 10312 10321 10325 10326 10328 10330 10332 10334 10336 10338 10342 10364 10369 10373 10377 10378 10380 10382 10385 10386 10391 10393 10410 10418 10422 10424 10426 10428 10430 10432 10434 10436 10438 10440 10447 10448 10450
10455 10456
6069 10458
10464 10465 10468 10469 10471 10472 10473 10476 10477
10471 10478
10479 10480 10482
10480 10484
8024 10196 10486
4777 4779 10492 10494
10499 10501 10504 10506 10507 10508 10509 10511 10513 10518 10520
10522 10524 10526 10527
10499 10501 10504 10506 10507 10508 10509 10511 10513 10518 10520 10522 10524 10526 10527
10534 10538 10548 10552 10554 10556 10558 10560 10562 10564 10566 10568 10570 10573 10574 10575 10577 10579 10580 10582 10584 10585 10587 10588 10592 10594 10596 10598 10601 10602 10612 10616 10617 10619 10620 10626 10630 10632 10633 10635 10638 10639 10641 10643 10644 10645 10651
7174 7175 7907 7908 7909 7910 7924 7925 7926 7927 8029 8031 8036 8038 8040 8066 8069 8072 8073 8078 8081 8085 8414 10191 10193 10195 10486 10488
9006 9009 9011 9012 9013 9984
7174 7175 7907 7908 7909 7910 7924 7925 7926 7927 8029 8031 8036 8038 8040 8066 8069 8072 8073 8078 8081 8085 8414 9006 9009 9011 9012 9013 9984 10191 10193 10195 10486 10488
8029 8036 8038 8040 10191 10193 10195 10486 10488 10660 10664 10666 10667 10669 10672 10675 10677 10681 10683 10686 10690 10692 10697 10699 10701 10703 10705 10712 10720 10724 10726 10728 10730 10732 10740 10743 10744 10746 10756 10760 10766 10768 10772 10774 10776 10778 10789 10790 10793 10799 10806 10807 10809 10810 10812 10819 10827 10831 10833 10835 10837 10839 10847 10850 10851 10853 10863 10867 10873 10875 10879 10881 10883 10885 10900 10910 10914 10916 10918 10920 10922 10924 10926 10927 10929 10935 10937 10938 10939 10940 10943 10944 10945 10952 10956 10960 10961 10962 10963 10965 10969 10971 10973 10975 10990 10998 11001 11003 11005 11011 11013 11015 11018 11022 11026 11030 11033 11035 11039 11041 11043 11045 11065 11069 11071 11073 11075 11077 11079 11081 11083 11085 11087 11089 11090 11091 11093 11096 11098 11100 11106 11107 11112 11113 11115
10196 11120 11131 11135 11137 11139 11141 11143 11145 11147 11149 11151
11120 11158 11160 11162 11165 11172 11180 11184 11186 11188 11194 11196 11198 11201 11205 11209 11213 11216 11218 11222 11224 11226 11228
7174 7175 7907 7908 7909 7910 7924 7925 7926 7927 8031 8066 8069 8072 8073 8078 8081 8085 8414 10789 10790 10793 10799 10806 10807 10809 10810 10812 10827 10831 10833 10835 10837 10839 10847 10850 10851 10853 10863 10867 10873 10875 10879 10881 10883 10885 10900 10910 10914 10916 10918 10920 10922 10924 10926 10927 10929 10935 10937 10938 10939 10940 10943 10944 10945 10952 10956 10960 10961 10962 10963 10965 10969 10971 10973 10975 10990 11065 11069 11071 11073 11075 11077 11079 11081 11083 11085 11087 11089 11090 11091 11093 11096 11098 11100 11106 11107 11112 11113 11115 11172 11180 11184 11186 11188 11194 11196 11198 11201 11205 11209 11213 11216 11218 11222 11224 11226 11228
7174 7175 7907 7908 7909 7910 7924 7925 7926 7927 8031 8066 8069 8072 8073 8078 8081 8085 8414 10789 10790 10793 10799 10806 10807 10809 10810 10812 10827 10831 10833 10835 10837 10839 10847 10850 10851 10853 10863 10867 10873 10875 10879 10881 10883 10885 10900 10910 10914 10916 10918 10920 10922 10924 10926 10927 10929 10935 10937 10938 10939 10940 10943 10944 10945 10952 10956 10960 10961 10962 10963 10965 10969 10971 10973 10975 10990 11065 11069 11071 11073 11075 11077 11079 11081 11083 11085 11087 11089 11090 11091 11093 11096 11098 11100 11106 11107 11112 11113 11115 11172 11180 11184 11186 11188 11194 11196 11198 11201 11205 11209 11213 11216 11218 11222 11224 11226 11228
10664 10669 11240 11244
1926 5740 7860 8295 8300 8335 8337 8339 8345 8347 8349 8351 8353 8355 8357 8359 8361 9872 9874 9876 9886 9890 9892 9894 9898 9900 9902 9904 9906 9908 9909 9910 10575 10598 10940 10944 11246 11248 11251 11253 11255 11265 11266 11268 11270
10196 10827 10831 10833 10835 10837 10839 10847 10850 10851 10853 10863 10867 10873 10875 10879 10881 10883 10885 11172 11273 11279 11286 11293 11301 11305 11312
9984 10196 11273 11279 11286
9984 10196 11273 11279 11286
11120 11273
9984 11120 11279 11286
9984 11120 11279 11286
9984 11120 11279 11286
9984 11120 11279 11286
9984 11120 11279 11286
9984 11120 11279 11286
9984 11120 11279 11286
9984 11120 11279 11286
9984 11120 11279 11286
9984 11120 11279 11286
11120 11279 11286 11301 11315 11319 11323 11325 11327 11329 11331 11333 11336 11337 11338 11340 11342 11343 11345 11348 11349 11353 11354 11356
11120 11279 11286 11301 11315 11319 11323 11325 11327 11329 11331 11333 11336 11337 11338 11340 11342 11343 11345 11348 11349 11353 11354 11356
11120 11279 11286 11301 11315 11319 11323 11325 11327 11329 11331 11333 11336 11337 11338 11340 11342 11343 11345 11348 11349 11353 11354 11356
11120 11279 11286 11301 11315 11319 11323 11325 11327 11329 11331 11333 11336 11337 11338 11340 11342 11343 11345 11348 11349 11353 11354 11356
9795 9812
11120 11279 11286 11301 11315 11319 11323 11325 11327 11329 11331 11333 11336 11337 11338 11340 11342 11343 11345 11348 11349 11353 11354 11356
11120 11279 11286 11301 11315 11319 11323 11325 11327 11329 11331 11333 11336 11337 11338 11340 11342 11343 11345 11348 11349 11353 11354 11356
11120 11279 11286 11301 11315 11319 11323 11325 11327 11329 11331 11333 11336 11337 11338 11340 11342 11343 11345 11348 11349 11353 11354 11356
11120 11279 11286 11301 11315 11319 11323 11325 11327 11329 11331 11333 11336 11337 11338 11340 11342 11343 11345 11348 11349 11353 11354 11356
11367 11370 11373 11374 11375 11378 11380 11385 11388 11391 11392 11396 11397 11402 11403 11409 11410 11411 11416 11417 11421 11422 11426 11427 11431 11432 11436 11437 11441 11442 11446 11448 11450 11459 11464 11467 11471 11476 11478 11484 11489 11492 11496 11497 11500 11503 11512
11518 11520 11522 11524 11526 11528 11530 11532 11534 11536 11539 11540 11541 11543 11545 11546 11551 11553 11554 11555 11562 11563 11568 11569 11570 11574 11576 11578 11580 11594 11602 11606 11608 11610 11612 11614 11616 11618 11620 11622 11624 11626 11627 11628 11630 11632 11634 11636 11637 11640 11641 11642 11643 11645 11646 11650 11652 11654 11656 11658 11659 11661 11663 11665